Reading game data from: c:\Users\Earmer\flag_game\CTF\backend

OK - Loaded initialization data
OK - Loaded status data

OK - Generated 20x20 matrix


================================================================================
Game State 2D List:
================================================================================
[
  [16, 16, 16, 16, 16, 16, 16, 16, 16, 16, 16, 16, 16, 16, 16, 16, 16, 16, 16, 16],
  [16, 18, 17, 17, 17, 17, 17, 17, 17, 17, 16, 17, 17, 17, 17, 17,  6, 17, 19, 16],
  [16, 18,  0, 17, 17, 17, 17, 17, 17, 17, 17, 17, 17, 17, 17, 17,  7, 17, 19, 16],
  [16, 18,  1, 17, 17, 17, 17, 17, 17, 17, 17, 17, 17, 17, 17, 17,  8, 17, 19, 16],
  [16, 18,  2, 17, 17, 17, 17, 17, 17, 17, 17, 16, 17, 17, 17, 17, 17, 17, 19, 16],
  [16, 18, 17, 17, 17, 17, 17, 17, 17, 16, 17, 16, 17, 17, 17, 17, 17, 17, 19, 16],
  [16, 18, 17, 17, 17, 17, 17, 17, 17, 17, 16, 17, 17, 17, 17, 16, 17, 17, 19, 16],
  [16, 17, 17, 17, 17, 17, 17, 17, 17, 17, 17, 17, 17, 17, 17, 17, 17, 17, 17, 16],
  [16, 17, 17, 17, 17, 17, 17, 17, 17, 17, 17, 17, 17, 17, 17, 17, 17, 17, 17, 16],
  [16, 13, 13, 13, 17, 17, 17, 17, 17, 17, 17, 17, 17, 17, 17, 16, 15, 15, 15, 16],
  [16, 13, 13, 13, 17, 17, 17, 17, 17, 17, 17, 17, 17, 17, 17, 17, 15, 15, 15, 16],
  [16, 13, 13, 13, 17, 17, 17, 17, 17, 16, 17, 17, 17, 17, 16, 17, 15, 15, 15, 16],
  [16, 17, 17, 17, 17, 17, 17, 17, 17, 16, 17, 17, 17, 16, 17, 17, 17, 17, 17, 16],
  [16, 17, 17, 17, 17, 17, 17, 17, 17, 17, 17, 17, 17, 17, 16, 17, 17, 17, 17, 16],
  [16, 17, 17, 17, 17, 17, 17, 17, 17, 17, 17, 16, 17, 17, 16, 17, 17, 17, 17, 16],
  [16, 17, 17, 17, 17, 17, 17, 17, 17, 17, 17, 16, 17, 17, 17, 17, 17, 17, 17, 16],
  [16, 12, 12, 12, 17, 17, 17, 17, 17, 17, 17, 17, 17, 17, 17, 17, 17, 17, 17, 16],
  [16, 12, 12, 12, 17, 17, 17, 17, 17, 17, 17, 17, 17, 17, 17, 17, 17, 17, 17, 16],
  [16, 12, 12, 12, 17, 17, 17, 17, 17, 17, 16, 17, 17, 17, 17, 17, 17, 17, 17, 16],
  [16, 16, 16, 16, 16, 16, 16, 16, 16, 16, 16, 16, 16, 16, 16, 16, 16, 16, 16, 16],
]
================================================================================

================================================================================
Python Format (Ready to Copy):
================================================================================
[[16, 16, 16, 16, 16, 16, 16, 16, 16, 16, 16, 16, 16, 16, 16, 16, 16, 16, 16, 16], [16, 18, 17, 17, 17, 17, 17, 17, 17, 17, 16, 17, 17, 17, 17, 17, 6, 17, 19, 16], [16, 18, 0, 17, 17, 17, 17, 17, 17, 17, 17, 17, 17, 17, 17, 17, 7, 17, 19, 16], [16, 18, 1, 17, 17, 17, 17, 17, 17, 17, 17, 17, 17, 17, 17, 17, 8, 17, 19, 16], [16, 18, 2, 17, 17, 17, 17, 17, 17, 17, 17, 16, 17, 17, 17, 17, 17, 17, 19, 16], [16, 18, 17, 17, 17, 17, 17, 17, 17, 16, 17, 16, 17, 17, 17, 17, 17, 17, 19, 16], [16, 18, 17, 17, 17, 17, 17, 17, 17, 17, 16, 17, 17, 17, 17, 16, 17, 17, 19, 16], [16, 17, 17, 17, 17, 17, 17, 17, 17, 17, 17, 17, 17, 17, 17, 17, 17, 17, 17, 16], [16, 17, 17, 17, 17, 17, 17, 17, 17, 17, 17, 17, 17, 17, 17, 17, 17, 17, 17, 16], [16, 13, 13, 13, 17, 17, 17, 17, 17, 17, 17, 17, 17, 17, 17, 16, 15, 15, 15, 16], [16, 13, 13, 13, 17, 17, 17, 17, 17, 17, 17, 17, 17, 17, 17, 17, 15, 15, 15, 16], [16, 13, 13, 13, 17, 17, 17, 17, 17, 16, 17, 17, 17, 17, 16, 17, 15, 15, 15, 16], [16, 17, 17, 17, 17, 17, 17, 17, 17, 16, 17, 17, 17, 16, 17, 17, 17, 17, 17, 16], [16, 17, 17, 17, 17, 17, 17, 17, 17, 17, 17, 17, 17, 17, 16, 17, 17, 17, 17, 16], [16, 17, 17, 17, 17, 17, 17, 17, 17, 17, 17, 16, 17, 17, 16, 17, 17, 17, 17, 16], [16, 17, 17, 17, 17, 17, 17, 17, 17, 17, 17, 16, 17, 17, 17, 17, 17, 17, 17, 16], [16, 12, 12, 12, 17, 17, 17, 17, 17, 17, 17, 17, 17, 17, 17, 17, 17, 17, 17, 16], [16, 12, 12, 12, 17, 17, 17, 17, 17, 17, 17, 17, 17, 17, 17, 17, 17, 17, 17, 16], [16, 12, 12, 12, 17, 17, 17, 17, 17, 17, 16, 17, 17, 17, 17, 17, 17, 17, 17, 16], [16, 16, 16, 16, 16, 16, 16, 16, 16, 16, 16, 16, 16, 16, 16, 16, 16, 16, 16, 16]]
================================================================================


================================================================================
ID Descriptions (from AI_Design.md):
================================================================================
00-02: Player 1-3
03-05: Player 1-3 (With Flag)
06-08: Opposite Player 0-2
09-11: Opposite Player 0-2 (With Flag)
12: Prison
13: Home
14: Home Already With Flag
15: Oppo Home
16: Barrier
17: Blank
18: Flag
19: Oppo Flag
================================================================================

